7 0.196970 0.380445 0.107718 0.037879
7 0.304688 0.378670 0.072206 0.041430
7 0.454427 0.381037 0.097064 0.043797
7 0.559777 0.378670 0.092330 0.046165
7 0.714844 0.379261 0.099432 0.040246
7 0.819602 0.377486 0.079309 0.036695
7 0.194010 0.666312 0.094697 0.041430
7 0.301136 0.662760 0.088778 0.041430
7 0.445549 0.662760 0.091146 0.041430
7 0.559777 0.663352 0.108902 0.044981
7 0.718395 0.663944 0.097064 0.039062
7 0.814867 0.663944 0.079309 0.048532
7 0.194602 0.948627 0.098248 0.037879
7 0.296993 0.949811 0.085227 0.040246
7 0.445549 0.948627 0.095881 0.040246
7 0.557410 0.949811 0.104167 0.037879
7 0.705374 0.952770 0.097064 0.039062
7 0.820194 0.948035 0.097064 0.041430