5 0.236506 0.688210 0.052557 0.025568
5 0.628053 0.199353 0.020474 0.009339
5 0.866243 0.199863 0.018887 0.008929
5 0.628777 0.693681 0.019918 0.010302
5 0.865900 0.694196 0.020948 0.009959
5 0.744677 0.925996 0.018887 0.009959
6 0.754293 0.934066 0.014080 0.009615
6 0.875172 0.702438 0.014766 0.008585
6 0.637706 0.702266 0.016484 0.010302
6 0.875000 0.207246 0.017170 0.008585
6 0.637706 0.207074 0.015110 0.009615
6 0.261209 0.708560 0.038723 0.025815
5 0.628977 0.445833 0.019318 0.011364
6 0.637500 0.454167 0.015909 0.009848
5 0.866776 0.445724 0.020833 0.009868
6 0.874178 0.453673 0.016996 0.011513