3 0.229601 0.323495 0.123264 0.063657
3 0.383247 0.310185 0.170139 0.050926
3 0.284288 0.563079 0.093750 0.040509
3 0.414062 0.552083 0.129340 0.034722
3 0.279080 0.766204 0.078125 0.030093
3 0.393663 0.752315 0.118056 0.030093
0 0.043403 0.277778 0.068576 0.048611
1 0.109809 0.277199 0.050347 0.047454
2 0.198785 0.271412 0.094618 0.052083
0 0.288194 0.265625 0.073785 0.047454
1 0.371094 0.260417 0.074653 0.041667
2 0.463976 0.252315 0.097222 0.048611
0 0.140625 0.536458 0.051215 0.038194
1 0.193142 0.529514 0.038194 0.035880
2 0.264323 0.524884 0.076389 0.033565
0 0.342014 0.520255 0.061632 0.033565
1 0.406250 0.510995 0.059896 0.033565
2 0.481771 0.508681 0.080729 0.035880
0 0.160156 0.751157 0.043403 0.030093
1 0.203125 0.747106 0.033854 0.026620
2 0.259983 0.741898 0.067708 0.025463
0 0.325955 0.730903 0.043403 0.024306
1 0.384983 0.727431 0.048611 0.026620
2 0.448351 0.719907 0.069444 0.025463
3 0.316840 0.893519 0.065104 0.027778
3 0.413194 0.887153 0.099826 0.019676